1545	1631	1417	1453	1226	980	958	936	842	756	888	818	779	698	715	655	642	569	534	465	387	347	322
208	202	186	114	112	111	101	103	103	79	81	81	91	63	57	55	68	50	38	39	34	24	35
180	162	152	129	110	79	77	70	68	55	51	58	53	55	42	59	43	31	29	23	27	20	31
166	138	159	102	106	90	67	59	52	37	48	52	41	36	26	29	25	27	26	34	21	25	16
154	111	121	114	89	83	49	55	44	32	33	22	39	38	28	25	23	31	18	26	24	24	26
149	119	113	89	88	73	65	52	43	41	29	28	30	45	27	25	36	36	26	29	14	12	26
150	100	113	92	77	76	66	53	40	51	33	26	31	30	22	29	24	33	24	21	14	17	14
114	114	90	94	90	68	55	68	43	56	41	39	34	28	23	26	19	26	16	23	21	11	25
90	101	95	68	87	74	50	47	54	40	25	24	33	27	22	22	24	17	20	15	15	15	20
82	66	73	66	62	61	54	36	36	59	47	25	17	30	19	24	20	22	16	20	16	14	22
79	83	66	69	71	54	53	46	44	46	39	30	30	25	21	19	17	24	19	15	21	24	17
81	65	59	70	66	50	45	53	36	39	34	33	36	24	18	21	29	9	23	14	22	12	24
65	56	64	53	55	66	64	60	60	55	41	40	34	33	23	26	22	24	21	24	22	33	31
80	71	76	53	64	64	85	55	47	56	64	67	51	44	33	35	19	34	20	30	34	29	26
94	86	82	80	68	74	82	83	63	69	76	70	62	50	47	38	29	24	35	25	22	39	48
137	131	92	95	105	102	97	110	101	92	80	76	68	70	73	54	49	35	45	50	43	35	47
225	146	146	135	105	118	104	136	121	140	132	118	103	104	106	73	81	78	54	58	64	60	64
237	185	166	163	134	126	133	175	157	167	157	166	119	110	120	92	83	94	81	72	84	70	74
257	265	203	205	179	154	139	180	163	163	165	163	153	119	120	115	128	102	96	93	76	83	76
366	303	231	252	191	169	174	150	148	147	171	176	164	154	153	114	144	115	110	101	98	90	72
362	304	262	253	227	183	155	171	151	158	154	151	155	150	137	139	131	120	121	110	94	104	78
299	299	251	238	209	203	155	146	144	163	168	138	164	141	159	130	93	127	119	129	121	120	103
363	268	279	302	248	233	187	191	199	182	199	203	166	178	169	167	156	156	144	130	123	128	122
381	317	252	321	250	243	214	213	216	201	193	164	179	171	143	181	191	161	167	164	149	161	148
400	317	300	339	283	287	240	238	248	232	200	204	189	191	169	171	181	186	177	149	163	176	167
426	339	300	315	236	317	268	301	271	260	243	228	190	173	171	187	168	186	168	169	183	205	189
446	351	288	334	307	258	245	307	301	274	252	243	215	200	189	173	194	185	188	209	205	204	188
491	403	338	342	277	289	277	352	331	306	321	262	221	188	170	186	193	179	180	216	204	201	233
479	444	400	377	311	305	292	287	339	331	326	311	217	220	191	203	180	201	194	174	209	232	242
518	465	412	446	351	296	310	275	311	355	328	356	296	238	237	237	189	202	196	170	209	252	247
547	490	473	473	351	381	298	300	260	352	351	334	281	271	272	217	204	192	176	201	211	210	250
532	543	476	494	390	448	331	313	277	351	359	337	343	333	330	226	235	208	219	170	214	224	224
610	550	528	535	437	418	380	365	314	362	364	357	385	390	325	288	269	252	244	248	208	232	240
622	641	592	549	510	457	413	412	347	371	348	359	354	356	329	337	276	232	253	250	222	220	238
746	611	616	711	538	566	426	441	454	422	364	333	345	356	357	344	347	269	283	263	253	226	267
750	756	639	626	650	532	510	466	505	467	473	424	410	402	380	364	359	367	320	314	299	250	242
766	783	734	731	703	665	560	544	575	578	549	467	435	404	386	351	343	377	379	364	322	268	321
970	796	767	766	711	665	661	588	621	606	568	566	489	419	416	371	377	388	423	385	365	337	275
1066	1003	880	951	816	748	688	694	674	669	595	595	562	510	474	410	383	387	463	451	457	424	343
1262	1157	1068	951	879	809	733	702	736	767	726	640	638	642	574	486	482	464	472	476	417	457	475
1409	1327	1184	1093	957	935	850	812	816	845	786	785	707	679	649	562	526	466	450	480	487	513	541
1393	1421	1359	1294	1146	929	950	889	834	923	952	791	780	762	672	671	625	495	516	482	488	558	542
1503	1358	1495	1487	1279	1182	955	1054	940	984	979	953	813	900	813	717	736	624	543	549	518	509	623
1527	1486	1522	1595	1567	1286	1298	1079	1138	1040	1014	954	987	973	872	873	749	705	670	553	536	579	604
1585	1534	1491	1616	1601	1547	1246	1282	1124	1187	1171	1076	1049	1023	1012	908	879	799	827	691	673	587	651
1707	1642	1716	1624	1616	1704	1611	1349	1346	1185	1263	1164	1167	1091	1078	973	981	933	897	837	735	640	689
1600	1733	1694	1713	1742	1673	1781	1707	1438	1504	1287	1287	1224	1191	1135	1193	1058	1031	1047	981	897	852	734
1630	1582	1813	1824	1811	1765	1658	1693	1807	1521	1502	1335	1371	1288	1209	1194	1237	1160	1093	1038	1010	969	899
1739	1651	1610	1829	1843	1739	1756	1780	1899	1854	1727	1591	1372	1463	1355	1257	1219	1226	1233	1209	1133	1087	1087
1574	1656	1751	1686	1899	1867	1816	1871	1794	2015	2016	1782	1738	1463	1483	1524	1292	1297	1383	1263	1260	1227	1181
1810	1608	1742	1718	1757	1932	1917	1873	1885	1986	2038	2126	1783	1694	1525	1568	1584	1412	1413	1482	1360	1300	1307
1869	1765	1604	1886	1843	1753	1949	1890	1932	2041	1973	2169	2214	1909	1904	1507	1545	1594	1448	1458	1462	1398	1462
2010	1883	1858	1685	1922	1821	1784	1990	1910	2103	2123	2118	2160	2260	2051	2000	1659	1631	1650	1606	1587	1539	1548
2115	2024	1900	1941	1692	1912	1850	1755	2072	2103	2129	2164	2195	2293	2220	1968	1961	1672	1805	1727	1599	1587	1775
1690	2039	1973	2021	1989	1695	1968	1889	1903	2251	2221	2274	2243	2199	2395	2338	1979	1987	1811	1823	1720	1631	1799
1934	1623	2033	2024	2078	1962	1785	1974	1980	2000	2314	2164	2277	2244	2314	2368	2437	2116	2113	1773	1922	1936	1990
2086	1977	1692	2103	2182	2046	1996	1761	2047	1948	1948	2354	2344	2359	2356	2302	2385	2553	2251	2220	1958	1970	2036
2791	2033	1968	1757	2226	2174	2093	1979	1852	2028	2155	2095	2407	2337	2300	2379	2464	2584	2637	2322	2326	1946	2226
3005	2796	2209	2007	1874	2140	2183	2171	2108	1770	2256	2202	2058	2589	2473	2459	2438	2577	2731	2788	2423	2425	2223
2681	3085	3024	2140	2059	1777	2217	2316	2187	2153	1973	2268	2279	2184	2585	2502	2528	2529	2615	2839	2814	2517	2611
2959	2691	3143	2858	2229	2149	1797	2282	2321	2258	2300	1953	2329	2296	2229	2606	2661	2555	2692	2655	2927	2982	2905
3144	3026	2834	3187	2923	2196	2138	1833	2397	2404	2458	2332	2048	2412	2346	2354	2760	2648	2650	2725	2820	3082	3324
3044	3139	3040	3016	3372	3093	2319	2237	1905	2485	2436	2513	2409	2151	2412	2408	2401	2815	2800	2877	2834	3028	3470
3182	3109	3157	3000	2973	3324	2956	2310	2281	2053	2600	2568	2544	2501	2170	2544	2479	2480	3071	2973	2982	3113	3530
3319	3343	3242	3232	3274	3081	3339	3131	2400	2412	2095	2660	2676	2473	2453	2327	2691	2561	2659	2989	2971	3223	3388
3410	3497	3389	3254	3322	3291	3116	3428	3116	2494	2507	2041	2779	2616	2685	2657	2263	2630	2742	2629	3225	3305	3579
3272	3340	3436	3474	3425	3500	3355	3228	3632	3303	2579	2493	2205	2849	2830	2758	2766	2463	2870	2898	2844	3650	3718
3005	3245	3455	3477	3723	3426	3616	3536	3313	3631	3453	2729	2671	2293	2966	2961	2913	2840	2669	2958	3109	3163	3974
3118	3195	3374	3653	3736	3657	3583	3648	3519	3473	3902	3626	2789	2821	2363	3129	3161	2986	3065	2726	3163	3330	3544
2893	3126	3226	3537	3687	3816	3834	3695	3799	3534	3482	4016	3814	2917	2870	2598	3242	3253	3222	3206	2899	3468	3907
3113	3035	3289	3396	3563	3903	3896	3847	3751	3880	3846	3796	4421	4000	3100	2938	2718	3345	3487	3360	3428	3110	4133
3215	3159	3041	3216	3479	3731	3929	3874	4060	3824	4117	4005	3891	4366	4047	3193	3101	2716	3656	3628	3527	3723	3583
3072	3217	3182	3105	3460	3467	3643	3996	4045	4084	4084	4276	4199	4040	4590	4397	3372	3209	3013	3791	3959	3794	4304
3179	3202	3338	3208	3097	3436	3521	3691	4231	4119	4274	4223	4468	4305	4064	4801	4577	3489	3504	3131	3986	4202	4684
2914	3113	3112	3295	3411	3112	3559	3595	3898	4070	4317	4349	4534	4492	4471	4332	5008	4812	3680	3723	3228	4281	5081
3161	3038	3097	3197	3336	3331	3177	3685	3718	3892	4366	4478	4709	4708	4748	4611	4483	5213	5222	3940	3991	3533	5293
3073	3060	2959	3075	3210	3464	3347	3361	3539	3658	4106	4393	4703	4637	4683	4922	4899	4851	5605	5183	4148	4363	4264
3620	3156	3167	2856	3147	3258	3495	3420	3236	3605	3946	4260	4810	4706	4727	4964	5091	4986	5029	5685	5662	4557	4972
3323	3384	3097	2948	2883	3066	3365	3450	3404	3283	3809	3939	4373	4903	4768	5116	5109	5175	5445	5167	6234	5913	5526
2915	3172	3467	3035	2913	2913	3133	3198	3451	3447	3539	3779	4206	4327	4937	5043	5147	5221	5616	5468	5486	6482	7140
2740	2749	3092	3255	2950	3006	2810	3030	3233	3404	3461	3433	4019	4146	4511	4977	5227	5380	5422	5633	5612	5887	7732
2515	2578	2645	2907	3182	2814	2888	2870	3158	3130	3444	3410	3579	3951	4091	4537	5094	5205	5632	5449	5927	6225	6938
2331	2270	2534	2471	2830	3055	2804	2843	2735	2868	3152	3413	3558	3424	3939	4267	4612	5108	5602	5490	5669	6320	7174
2285	2145	2234	2329	2471	2684	2922	2689	2650	2549	2843	3038	3492	3410	3405	3826	4201	4689	5369	5307	5636	5912	7372
1882	2032	2053	2036	2165	2255	2617	2808	2538	2592	2543	2861	2978	3185	3335	3306	3910	4297	4798	5191	5574	5933	7023
1608	1722	1852	1898	1870	2061	2176	2414	2775	2364	2517	2594	2832	2974	3155	3288	3262	3818	4317	4435	5135	5476	6762
1431	1360	1656	1714	1722	1807	1917	2071	2225	2422	2309	2280	2401	2557	2765	3030	3049	3192	3736	4114	4497	5044	6302
1287	1231	1337	1386	1542	1543	1596	1781	1878	1981	2324	2159	2283	2201	2432	2732	2892	3016	3127	3470	4003	4478	5741
1067	1065	1133	1098	1194	1434	1394	1492	1619	1609	1849	2021	2040	2009	1972	2319	2461	2806	2979	2866	3486	3818	5022
893	888	966	941	941	1132	1181	1187	1352	1364	1490	1687	2040	1794	1784	1831	2099	2279	2646	2555	2674	3261	4256
698	712	763	803	809	835	938	979	1073	1137	1237	1353	1586	1693	1468	1652	1703	1933	2162	2323	2499	2487	3579
554	584	652	648	685	652	657	783	869	820	977	1095	1193	1283	1476	1461	1440	1506	1706	1786	2046	2232	2746
428	437	495	492	513	579	525	640	626	696	801	780	909	934	1049	1342	1258	1251	1316	1417	1655	1860	2317
299	311	425	425	402	425	433	442	423	502	576	658	716	803	773	976	1156	1009	1044	1078	1275	1415	1955
233	232	262	319	296	324	336	382	316	386	413	504	549	544	598	676	789	935	926	920	870	1072	1464
151	164	171	184	244	225	259	272	270	305	319	323	376	392	451	497	550	668	785	681	734	763	1032
80	102	114	119	146	172	185	199	204	199	208	245	250	296	322	355	416	431	568	635	546	583	716
52	67	71	79	103	101	146	155	147	176	150	137	198	196	239	244	287	336	351	440	459	453	531
50	33	43	42	55	70	73	82	114	100	99	137	135	115	142	184	175	211	277	277	316	394	413
36	21	33	40	45	42	54	58	71	72	82	88	85	91	74	106	128	131	171	179	202	257	397
81	66	68	82	53	73	77	94	87	88	161	169	176	161	186	196	211	252	261	278	321	407	536