10 0.38462 0.61538
11 0.62500 0.37500
12 0.62500 0.37500
13 0.25000 0.75000
14 0.42857 0.57143
15 0.70000 0.30000
16 0.71429 0.28571
17 0.65517 0.34483
18 0.73077 0.26923
19 0.80952 0.19048
20 0.73171 0.26829
21 0.75000 0.25000
22 1.00000 0.00000
23 0.76667 0.23333
24 0.89655 0.10345
25 0.84901 0.15909
26 0.92000 0.08000
27 0.93750 0.06250
28 0.94828 0.05172
29 0.97059 0.02941
30 0.94737 0.05263
31 0.96364 0.03636
32 0.98000 0.02000
33 1.00000 0.00000
34 1.00000 0.00000
35 1.00000 0.00000
36 0.99000 0.01000
